Size   nth_element   rnd3pivot   ninther   median_of_ninthers   bfprt_baseline
10000	0.00461121	0.00877658	0.00902484	0.00754063	0.0572188
31620	0.0133414	0.0335012	0.0304405	0.0277148	0.145503
100000	0.0418746	0.0810639	0.0863455	0.0864838	0.532127
316220	0.131788	0.242724	0.275689	0.228855	1.30042
1000000	0.567574	0.949778	1.01238	0.767189	4.7715
3162280	1.79298	2.7702	1.88043	2.38198	14.5639
10000000	5.70063	9.61062	9.38053	7.63934	44.4152
31622800	21.2062	32.572	35.365	28.1113	151.199
100000000	72.6023	119.271	115.649	94.43	477.387
