Size   nth_element   rnd3pivot   ninther   median_of_ninthers   bfprt_baseline
10000	0.00245763	0.00483174	0.00157363	0.00205226	0.0141372
31620	0.007856	0.0135049	0.00443884	0.00604526	0.0359316
100000	0.0244785	0.0387734	0.0142759	0.0271716	0.156723
316220	0.0769342	0.166746	0.0459236	0.0672427	0.391419
1000000	0.330883	0.418996	0.20074	0.200637	1.70565
3162280	1.01459	1.47852	0.559519	0.623325	4.63377
10000000	3.27778	4.36379	1.74994	1.96267	13.8261
31622800	11.0352	12.7841	5.57625	6.28938	46.8088
100000000	42.632	50.6313	18.3504	20.5629	155.013
