Size   nth_element   rnd3pivot   ninther   median_of_ninthers   bfprt_baseline
10000	0.0382503	0.0421066	0.0398538	0.0298993	0.0965748
31620	0.126901	0.126147	0.120236	0.0892847	0.351737
100000	0.438516	0.394649	0.399732	0.271631	1.01753
316220	1.04835	1.38881	1.19324	0.873472	3.23838
1000000	3.82797	3.81824	3.94959	2.54972	10.2516
3162280	11.5684	13.2676	12.916	8.03158	32.8004
10000000	34.757	42.7181	40.6747	24.9688	102.564
31622800	119.612	125.378	127.647	80.7861	336.008
100000000	348.619	402.192	392.367	260.989	1066.47
