Size   nth_element   rnd3pivot   ninther   median_of_ninthers   bfprt_baseline
10000	0.0302288	0.0319106	0.0319617	0.027903	0.0744296
31620	0.0932519	0.100076	0.100402	0.0857684	0.232105
100000	0.284953	0.30827	0.319285	0.271023	0.819906
316220	0.883095	1.00742	1.01663	0.776287	2.27234
1000000	3.15844	3.58249	3.34753	2.50238	7.10742
3162280	8.89372	9.93267	10.3166	7.92051	22.3939
10000000	29.6096	31.1559	32.9761	26.4086	72.0212
31622800	97.5115	102.177	107.219	80.6978	229.63
100000000	302.351	338.477	346.352	254.638	756.683
