Size   nth_element   rnd3pivot   ninther   median_of_ninthers   bfprt_baseline
10000	0.0492172	0.00830879	0.00561247	0.00628116	0.0308358
31620	0.2633	0.0269542	0.0177412	0.0177898	0.0824148
100000	0.562173	0.0763951	0.0522518	0.0532749	0.31484
316220	1.93957	0.247201	0.167975	0.159897	0.858555
1000000	9.63692	0.909412	0.595029	0.593137	2.96987
3162280	32.8962	2.78958	1.89407	1.8192	7.80944
10000000	113.836	11.2893	6.79297	5.83935	28.8067
31622800	495.709	29.5947	19.5517	18.7893	98.6156
100000000	1839.75	99.137	63.2222	60.9283	332.695
