Size   nth_element   rnd3pivot   ninther   median_of_ninthers   bfprt_baseline
10000	0.00484121	0.00921858	0.00349421	0.00412489	0.0321105
31620	0.0176457	0.0222879	0.0109782	0.0119008	0.076223
100000	0.0529041	0.0732414	0.0422892	0.0354764	0.310289
316220	0.194871	0.258567	0.0877782	0.103382	0.850414
1000000	0.610581	0.971529	0.360938	0.393406	3.1173
3162280	2.03131	2.69256	1.15237	1.2448	7.76217
10000000	6.88052	8.66776	3.53291	4.41625	28.9044
31622800	22.7942	29.5872	10.7321	11.9019	93.8806
100000000	73.0679	90.6239	37.8883	41.1412	338.394
